912454
572624
892410
291144
971893
162134
912069
405325
173737
438447
821745
128665
 15806
530314
268716
877096
834403
216051
194905
921251
581153
152475
734777
150964
812958
528396
239436
 93370
175450
157455
978014
 87904
730079
386776
895400
218324
 65263
807470
140001
239000
762269
961747
884017
294427
  8413
152733
171524
359168
368784
882781
280419
949938
 35257
531548
617254
364567
 59944
856690
457937
751746
 14145
952303
356003
260576
339079
767755
478901
404342
575225
618902
159694
853846
 97001
 43711
148274
621766
196445
836150
980934
 81581
718931
777705
 31519
270540
309253
165125
635107
885550
 21816
609396
153648
552313
561699
509651
812890
417131
277407
808143
821473
368984
943397
497520
222831
 40399
 57583
887457
178517
770380
723607
675804
851962
958890
453509
399833
229431
279115
564959
380890
681017
103127
990287
834665
655440
 68338
344317
984682
485469
138076
792825
823295
507060
252575
837167
246243
292974
894750
133700
471491
665131
373659
147295
517093
332550
117157
916926
 78333
912624
998237
459223
593641
101364
965862
428306
756805
550553
288975
257839
552374
427051
567017
892021
450464
819592
729188
213059
628918
623939
863112
616761
805422
236771
280409
838867
 85673
397566
755793
680358
310190
754031
139582
420183
855395
621796
364841
128552
172349
653817
386392
724724
597220
469761
616745
564036
289353
862286
777096
918271
  2577
640208
535032
807999
393331
815441
646866
995357
729359
919011
675715
555901
189394
815297
976084
561142
953446
857278
206046
125795
511095
108790
366871
624667
578551
499969
188704
867904
362255
482152
302527
881184
638712
353912
689183
 32043
169353
852401
 27400
415065
287764
703116
970966
477159
 34765
463403
554653
504563
320681
760699
146711
348128
869490
513582
972795
964393
529903
677851
832298
408510
676355
651177
289694
315067
  5089
978877
863463
690795
347630
407215
105860
635395
626683
 76826
112554
177801
 56581
183559
682364
377262
944258
829075
241742
330100
859010
730890
294494
388913
408741
643144
797424
601449
294321
 87118
432868
299411
582348
296331
990206
929978
219899
612418
 81725
846582
205596
194279
540735
262178
894190
223100
155792
838449
 52175
397535
684901
911185
128425
495747
816451
 53518
138891
613875
171319
949565
217345
604188
765328
316045
416871
755534
762376
636770
884304
844101
999705
 89900
554733
540440
352078
448923
763540
 24223
803724
332068
421758
488626
759605
 66535
984373
576056
636405
639617
706283
807725
589182
439981
411913
354510
272378
828784
626396
 34754
465555
510700
878856
981612
600600
949941
522052
469031
398864
801945
493254
202589
650365
431364
207567
409970
497899
708292
502379
134304
347909
725014
942029
453443
681347
870294
807953
953726
699079
950701
988480
680986
977753
383688
178950
 94706
333629
217354
563737
732494
 19299
573343
451435
186016
521059
175354
112339
535310
883646
131070
185966
747908
856084
644348
201351
537432
514642
525657
  7510
730073
476358
995990
411059
454112
896031
590009
548818
229660
323716
628907
478506
343015
718602
929941
 45384
239661
105295
157723
291323
505294
288793
477289
253202
661229
121637
970905
715013
636280
496562
722523
882705
489273
234866
293765
459737
130897
400126
524907
360557
723842
153814
839064
583210
388768
285357
628594
144781
907005
302669
436104
412299
591462
913393
181853
769043
551383
152758
484057
187663
165673
206580
 70368
654946
441446
880485
114683
572343
796964
639590
449253
 37158
309756
288317
136720
214876
 90026
281666
359657
997031
584335
795761
925682
692149
225506
107535
461193
776889
776646
461602
480904
942319
668182
 67625
597265
625981
464462
228300
714676
777778
384242
163929
814937
693998
968598
468009
908874
 58625
749676
784883
 55656
334011
 96996
497691
542513
838854
605226
520058
615744
381872
981660
613000
840543
166194
196977
437808
792175
661440
182460
506852
439218
566702
187133
770507
260700
155732
238517
685926
214357
988193
987161
786365
838556
 84157
284056
897421
439364
405635
417479
 55108
303859
399139
184460
144403
565334
381438
 98563
873861
559230
281024
380713
998448
847726
 84199
285308
624779
239931
523825
827057
970640
 28370
814219
757005
866926
414728
557414
764348
854092
479401
698179
425552
299612
 97319
610013
444015
179005
507803
 58931
569218
 67033
339955
466284
581833
704033
550483
867141
328812
790414
390966
155870
761054
419336
486441
 34411
802615
901169
108177
 83315
271614
587578
781494
697166
887191
395165
823531
847558
 90522
331334
906489
659741
914719
762796
126025
496553
466830
676508
363694
311994
983274
271013
984216
744328
206701
470657
295091
525668
888179
403269
608983
159793
507199
906830
856959
910742
818347
196843
274653
425222
 44529
697494
601315
959249
976643
727340
455802
443473
920200
335848
271819
903474
606861
256036
164154
329915
726693
975597
855583
614872
378866
464567
291017
402418
887749
664329
829512
222448
861172
104165
647670
905701
318012
248985
381302
294655
492677
353456
254480
929229
689305
526299
832703
812518
782335
513209
142433
 25381
488807
998017
156605
384025
978936
447623
302795
383037
111952
132308
605485
489476
752825
253156
911529
 70837
 18493
292832
365492
 27523
646288
619972
956752
851945
146272
305808
180816
444959
819017
323249
986692
824176
837618
143298
724554
332906
107273
 27349
715943
735577
159657
321429
225053
428835
 90937
136582
499672
109430
945766
865165
136953
108407
  1489
610058
960352
147761
915866
657520
109073
734883
497122
 95765
 75412
334740
239063
799966
667647
862688
343667
899942
598265
 19677
221371
823318
448512
312308
476253
948184
938091
422019
329701
591396
530426
331191
201454
  7131
995304
633672
664651
620729
884908
678125
716495
960320
 12866
471910
276638
196865
334599
620305
613159
932864
156334
834531
272535
604846
663191
748788
 69383
117634
687159
915436
225383
733938
762979
943189
741069
274636
576862
922072
895365
461770
600198
611860
422090
129416
600123
215080
842633
451074
351737
455792
900290
508072
806675
172825
629270
469867
437965
698653
103853
125125
130442
329236
859063
893421
272426
116484
168057
849288
554908
579775
311058
155106
707987
249500
800874
308110
980932
159859
759184
332669
615652
659475
357093
422327
348652
986364
408546
786618
201369
512400
428095
331811
357988
803510
741585
630414
436346
425994
996054
991254
  5769
823464
662713
713757
589316
463587
538219
570248
623447
813756
902918
755451
989583
260011
694130
854587
762727
619029
157557
964097
647781
585652
295908
  5769
905514
553845
636184
341860
979840
148590
333115
985609
972055
995828
215718
561371
975767
270290
647972
115566
600398
550890
871017
589981
327253
 81500
960920
606333
700529
118478
570430
348310
704130
382690
870431
125997
936536
 22967
467857
432728
171558
317324
934689
659965
829504
150408
221336
805272
937050
869308
437190
537448
936550
824560
643781
780156
906060
604701
386489
122941
239531
473271
987603
460014
855961
858034
586011
308849
881002
570220
741577
568912
887545
676267
228877
717049
343027
450213
 38673
796429
835874
475864
850229
288776
300424
494010
585284
206484
615063
971773
845777
854595
961396
833380
830961
333710
207766
416972
642559
 88768
987192
900489
657680
874737
576756
886557
108139
436135
853123
146812
232564
205349
139028
 82793
494125
439452
 93155
 79410
162288
224570
567535
  8065
595517
 45284
357797
426478
378994
565564
843450
 21553
654332
830643
922042
828365
221732
 15150
231274
329871
451285
 84397
993036
683849
806098
132064
282994
816576
571517
376149
412338
250157
600720
979873
258223
196237
 25157
616020
622716
404151
181584
982518
942057
352269
813161
380451
180634
551246
395602
928260
881117
363239
529010
390505
563441
335108
522570
846435
151684
610439
222585
564022
860596
339657
 60248
635171
535894
601757
251192
674962
522261
949128
657481
464318
817749
986994
361121
514735
538240
756723
442996
935710
636315
972006
326215
199756
823466
365137
 46191
975151
491928
785128
 55525
352525
124785
115773
987696
177032
233883
755240
851994
756144
220721
 25827
736814
 38470
 12822
 97935
 69558
551062
371011
512554
486772
  7326
   912
329340
207082
824378
694477
253273
315881
186406
554754
371407
 55283
679539
  3532
559331
856571
753767
830924
224918
509911
567997
250745
763077
122819
263567
861013
192377
814630
232024
704931
817754
755702
222195
663446
962784
 46574
874276
732409
362455
 60682
287163
250214
632317
483055
770099
191648
339626
523866
538924
564544
550130
106921
331642
313207
229741
595209
174220
422118
926191
922596
643402
260298
678298
865597
923744
157434
428523
798020
406196
307331
375054
693359
 73897
  7371
176414
843996
715372
 32393
884215
770648
113289
434345
877570
444931
747552
107311
 40141
438125
 45781
482684
877073
205535
742982
 71724
 71133
666727
745510
 16008
981099
151706
323339
356154
845066
397237
879877
537832
241233
111601
570225
641800
882250
683515
 76145
759820
128446
340050
383483
684939
294527
945616
167624
687952
151152
910606
759676
222285
 93685
505187
754645
 74785
173245
 77985
947291
 18311
475222
343520
556144
232807
455122
642721
874608
337372
326236
467105
613544
971035
323507
997027
655974
618034
458995
823598
822339
610147
250557
 98367
348784
344242
603554
103430
935379
776800
181415
882670
311463
172989
742543
383959
922148
197665
 26681
313108
535037
869269
780214
664933
840304
620073
661960
 12631
754460
120955
836229
576799
247455
 86786
675166
596239
947381
795073
699669
882760
 88225
397436
281783
399688
570425
 24326
300000
492574
738343
843033
322034
789732
712302
102248
454665
 68959
722322
632977
 81590
476782
270284
434171
569933
517739
 37310
245099
113979
501043
 40172
330000
900155
128397
727437
698290
 44438
814214
238968
344438
823140
977311
187471
145175
767043
416125
763775
738060
485084
  2449
371037
 83026
995583
641322
 33550
565516
159061
587212
810616
789392
 88255
367140
119393
504762
 11890
363182
203053
 56328
693748
442021
400766
516889
935685
104589
178416
219080
520714
458543
957141
522151
460993
328178
121529
972928
969500
671431
538445
644914
258643
865413
434306
863250
748905
 70051
368013
760795
949585
 87418
817123
643334
529439
734241
676575
981476
838830
854991
200557
875897
829886
157698
914400
290879
485876
 35929
263808
971729
707361
318605
616643
482356
700370
567301
861959
449275
637353
229972
210071
586938
833742
 27194
230272
363181
277788
423199
344658
116618
278190
 61567
508867
624429
219265
423267
915308
705141
459197
695468
676870
682910
530425
809865
165266
230795
377167
543577
680071
 14520
773549
406494
117810
607291
433688
348083
486825
711476
771282
347835
344447
565825
409402
853314
190254
145019
792934
621914
850160
252131
833735
 43383
451393
880512
853248
133011
111308
230415
676589
307731
761287
966490
714225
879098
 90134
664265
743533
576959
892094
 31167
441146
236541
113344
366900
606207
819950
511919
399141
958217
878431
167624
791952
921814
619017
672464
291415
268381
300124
 38182
944970
607855
315822
911460
838432
194920
  1594
502698
454805
 94905
394792
485972
 52403
147685
115669
419303
753892
935619
447574
669386
893836
326006
837010
202140
764172
972380
390957
 55587
240761
691081
610122
702083
815289
925944
129895
653721
120864
131490
672771
575669
742747
 67563
577993
795151
215248
693662
730806
485493
145634
178381
671231
 39470
504387
508241
757963
268559
996973
148920
840499
754086
356353
450621
972521
687994
376565
102417
858068
 13781
750259
530839
105802
493006
114755
200147
804509
846355
893810
 51668
331848
555796
230049
  3079
111618
250788
 27673
869581
 35699
540998
534853
392550
811437
407559
843171
783958
 95553
736088
886375
469973
266221
636634
517165
888375
645993
631920
 88523
450502
478275
498685
502170
326476
 54481
248571
329555
166099
 15711
873580
 35681
 51411
930931
 86886
960313
742368
494445
319837
526326
106351
 55925
412702
576324
838499
 49336
 93489
726874
695329
725409
815397
662184
720037
314082
680706
 46513
884915
929278
892420
 51015
944989
766001
603048
512752
696932
206286
473066
439300
700732
792903
481978
323435
365180
894680
899759
203679
460369
509601
446906
672050
751362
262303
334234
471399
 92738
531293
 34264
977653
460571
926685
545020
921912
209038
664420
951017
422322
870707
424083
377974
 87791
733338
859952
411226
 98518
270985
827337
818550
731354
336938
265456
919756
 88301
 44111
770343
 76052
136849
301636
626669
630855
278559
553354
692227
200471
762392
873000
667840
701066
260059
608275
 79040
347850
341613
938992
275428
956484
726329
102765
291386
457683
439704
556842
893792
 44357
117305
664135
636761
770507
965771
263430
917714
244330
333136
609941
961153
611880
999293
628994
312946
259352
237269
391986
607202
 95235
847331
882630
 51719
573660
501748
343105
547696
457804
416299
441488
502161
533604
105623
655274
820463
587746
435057
738177
832076
768193
864471
309581
380074
863764
938575
209372
123117
692197
117711
246671
787432
965042
645654
355503
 55054
147402
698608
119102
605206
631259
 76942
623719
681215
698917
278993
501679
286663
230402
756208
635091
998596
620679
944673
895022
   796
883248
104394
123913
 91797
222105
886936
879229
703499
532590
234732
274906
679992
449692
910360
285198
597303
987303
908917
278519
686220
704263
296550
972884
934665
 52758
607975
449613
189790
552648
344635
190586
952249
965382
314499
560398
187487
201435
439628
407339
250378
190712
198597
930370
156757
108957
731921
754060
 96260
157190
548931
298833
377805
845481
271717
312471
898240
396044
278436
 88030
465045
623072
278616
933646
104806
109467
494044
808645
827254
450024
215984
 77632
640737
930933
524355
313846
 39891
772628
 67906
652503
929818
616838
951336
307624
978671
739405
136447
876911
135450
414883
481293
116847
554307
276261
 50493
659113
902080
544537
467759
245687
994562
200095
323319
151651
131029
364026
465497
170920
136654
 49755
339775
582825
182945
291112
890449
161617
546869
543248
554880
682319
474483
 36174
315518
 28791
828787
366011
204256
730868
426901
672015
976555
937815
388463
816226
 89466
519492
696605
 71315
206764
833259
637422
546539
932436
820368
354003
822885
981985
900873
882485
536865
 99544
356969
 89391
415063
385760
918179
781074
106368
165399
724327
294736
658306
662142
683199
474532
267960
202691
687489
339275
925807
 37101
493050
472346
969537
313418
826350
792423
811755
243575
191260
864972
343119
548229
954364
758182
450341
388895
 55609
556710
 70646
779936
851446
728952
958431
 50997
719836
226391
770040
407326
 82019
695847
444427
575069
684545
413964
404839
 27247
722739
216594
270822
430352
597918
613942
978581
552282
372124
428923
457529
944085
501985
 44527
724022
869783
773479
198805
920780
  9668
425196
690820
933346
 23567
386667
894125
598636
 71212
824441
519827
 98460
 63533
252773
369282
493885
850692
983224
472466
919326
871701
417741
893208
815786
919726
937735
 56160
789509
227567
254965
226641
237235
196514
917461
170581
220081
304128
581058
335070
891693
405499
371249
506505
469032
624023
392139
962917
474715
891716
435384
910393
763417
369477
803601
 95555
289204
741337
668068
595065
968904
923033
821707
206139
635899
739168
893072
372333
559649
474130
223755
967694
879629
595004
474199
865014
219027
866338
827931
210094
758054
779667
120488
 37823
149145
924089
649731
438349
665426
317799
549766
150682
757184
887825
873173
393084
143346
766245
281769
702995
756727
505524
187041
152709
100528
177592
 17723
319556
 43930
845654
 46002
318337
625322
166490
872512
774467
606932
522243
729168
788710
840042
795286
939393
597227
683112
812566
506663
826458
 95164
788432
 45805
851891
293956
749198
  4600
394484
926790
538675
230392
487072
384330
792747
805409
526004
959237
677922
816823
566169
716517
 62343
871232
556560
857629
810625
670139
 57093
623191
693154
399903
718355
481586
962060
 86599
291894
711258
607551
202730
638048
146227
949475
641473
 46909
742222
446882
572913
217811
641156
906088
300333
874026
968431
171565
430586
342412
982190
617077
915858
121733
826583
315761
356441
824521
794174
443040
116415
 21784
 50591
835497
176185
713170
784972
817658
760079
 43546
264540
332992
261358
422049
755432
561691
296075
723863
733256
243013
582628
231798
376442
 14838
353531
203025
846951
226324
 27546
641125
669364
660313
662910
236308
495810
839095
949478
797135
656753
709558
357033
437645
558902
618391
376046
314335
696434
188473
554550
946042
947838
653530
177840
840632
668368
 47724
 43657
515320
274048
587555
672797
459765
764220
335707
212425
776383
691154
161903
573518
864259
387813
930551
301905
946716
 65295
194303
777403
761729
382777
848305
224124
846967
 18188
918316
687600
686556
482392
247609
718228
756441
835165
391026
732558
599385
726733
944983
375768
934240
623238
465638
798499
 11052
912542
100404
474120
977837
811060
767875
255918
710189
616180
996394
557156
634368
914711
244756
837277
397103
  8718
555505
669896
843883
946531
402454
959620
189617
863789
851741
123857
487028
833731
922356
 14432
746273
539113
488552
240462
350173
256427
 12733
 60362
388959
  9127
133870
539680
923838
894979
376957
837294
903697
932462
507190
263932
878994
425997
739904
584963
806138
107997
708820
809518
941729
631176
823950
204354
170289
312502
444817
 36814
 85281
973902
613528
474241
983029
747399
 13921
423220
158730
390878
776866
 62427
839692
284056
842711
235038
226405
582615
820001
 32544
690613
 45173
842062
148694
676350
182365
353048
362991
494867
314217
916158
 96501
288119
529686
 87094
787501
793437
101015
727073
952167
  8245
503939
530946
364289
304347
373657
599328
 47105
956273
935681
 79649
163238
980855
438063
311932
173557
136780
664980
 52900
631648
979198
969058
244501
783669
 15097
331595
571170
808534
948962
298243
277054
957207
318534
808000
837848
622882
181658
437176
669987
654283
889210
265988
817521
386417
220403
645805
559974
357184
310785
129226
505184
806335
614637
266037
590005
629734
597632
677527
954620
546594
492123
748026
 20153
810657
556027
858001
949891
254037
811530
136230
908320
700740
918570
242193
603509
138974
404350
163483
 12510
231487
292709
 34046
 37823
907346
300083
144180
 53432
414067
821707
524405
960661
830182
272431
497166
640840
828458
355167
107083
 82495
683049
243314
507167
900141
678236
265712
503650
333562
670062
667133
346072
901550
476195
896470
455725
899893
712905
599905
469678
126972
937964
994083
 87633
284499
266514
584799
925339
611325
456319
548774
693820
139368
308440
717340
555862
986677
499404
 59512
320239
169467
242998
182664
 71017
235545
 79134
 43094
135438
792040
642999
605116
435364
 97315
115551
522998
381814
382066
624149
823505
993391
596820
888632
203563
252541
197072
437255
808403
183749
936660
384267
503989
106127
627265
203005
693496
379162
282139
736590
514601
590531
895941
636069
 25896
509608
267973
 65246
407775
650039
205747
231280
159782
802568
119912
363345
571461
833337
316953
896216
 17086
253613
280483
 37427
876092
424101
756784
569588
803263
 38924
822530
834216
145807
234823
986638
688055
744431
254611
753301
668558
904650
475401
899839
580784
794321
536103
944129
365782
885792
261082
261998
419231
 31047
 58833
973010
907139
482934
729795
993079
802550
285071
815609
636766
430878
566784
623404
635286
827568
394367
388587
496126
299017
380340
912317
396153
174661
964773
340283
540443
850565
117717
318793
269796
665117
377627
242807
572256
376913
488954
565336
179463
774025
897297
332582
721255
464082
472338
356541
291650
866706
261481
304128
682075
641821
216446
 78229
816483
181219
934864
873278
 31784
568933
192072
817933
234050
 86051
577092
806307
979316
 66046
887995
675132
356423
785292
  7714
 77678
765726
480052
950572
573728
346758
212053
877857
 28834
370226
 94303
107063
703061
275522
 41927
576340
823658
610860
284764
157943
361263
887167
735035
167570
866483
317433
571917
541615
673856
357209
 65681
267887
639288
545734
218459
213016
408844
946864
 90873
437678
317090
185176
 61093
536504
977050
619372
629196
317061
746585
430312
475004
107848
317479
726392
275418
700314
560177
847335
758282
234034
720896
823963
 18273
876536
886049
236732
 89553
811246
699948
696778
248924
533390
398307
826370
 69894
375357
445742
699090
208770
192327
645754
200127
300175
963233
442871
 91945
179900
  3048
455632
454534
753434
692881
794849
771707
569417
680899
524791
175322
  8497
224739
872101
257421
758130
270408
600143
344376
162117
562238
559819
370888
754565
205573
571015
571093
685159
530238
179390
381411
533286
151375
835945
286721
360608
630794
574780
930025
828045
 99572
105348
836542
840663
493801
610316
115145
764209
726811
459522
926326
289049
535693
813566
559967
257618
900933
647412
459129
431171
826802
840540
964458
494529
192837
767531
855137
339984
342311
301515
684381
958235
923215
 37276
798899
417016
647592
430396
181225
890755
406270
623903
179805
941963
437470
739772
199582
338403
903536
658711
285927
730338
 15604
766737
741220
208441
534268
596357
548425
392931
897872
232807
867519
821087
270083
182770
238103
434027
613166
935680
841134
 19437
559584
 20939
477752
513406
277063
677334
368161
180599
852398
654088
427290
384354
937177
168510
592795
471445
281219
657573
380729
179092
890380
248248
516531
676815
947370
270987
627194
560536
206667
468328
 96325
282603
  5620
574078
312361
799035
767764
680523
979635
620162
850963
923277
  4516
788141
608139
113664
775938
405710
771237
673019
584802
177969
437619
617686
371136
384989
888673
514682
461878
611692
983010
558203
894296
504982
132281
723009
304018
900046
919884
800005
 36560
287200
239634
557429
591693
847773
671093
367631
253483
442330
557003
354638
136651
994622
488676
507787
379612
377349
 22469
357842
505393
521831
916045
399689
 26814
564679
639051
847184
464725
558935
647189
501285
846135
886823
 58714
437828
250948
246159
321812
 20783
204841
878815
891773
341492
873437
380449
365631
769401
274150
388100
643595
779544
426284
559641
695585
969450
124320
334636
816634
105397
893572
980175
123034
256059
383350
698101
210240
150650
944260
532052
171433
149102
927219
 63207
490594
317008
443656
856226
 86410
717807
760678
730005
497351
186962
805998
709288
672764
446670
 43925
489398
552067
453849
985925
675102
709908
369275
373203
920148
519925
317463
968552
207711
982917
895771
270918
989864
212780
230926
362442
815542
465085
639472
 61899
478788
342787
867898
188077
 15551
314568
232002
 21302
866636
685851
  7227
 58090
912111
892855
431293
348612
929132
265108
317164
136843
764378
212936
407761
754242
942068
155040
116684
757610
620125
272508
819509
615266
615295
203759
803343
630847
518328
551697
652149
901316
753900
175728
959406
666011
 68583
907051
 14623
997716
688511
848140
134559
452889
 61076
 58673
207131
  3144
730065
840167
277106
350190
112676
 96615
481808
727971
300375
285151
875170
335055
353200
527319
752723
107100
703048
712129
289464
287983
135532
304087
285699
824043
668579
936611
276933
729655
511636
   416
249151
241701
356936
 42609
108243
469612
139225
590052
713935
955952
391555
105458
807359
744756
149129
560082
368208
368529
788563
657672
656513
924095
478112
458564
748138
146691
911527
 25071
392699
423163
541840
158202
181216
898776
200812
289460
884740
856389
395864
115027
328693
787419
220485
136052
 48527
369615
696134
416736
738144
484697
590760
911009
925144
 68872
885926
673282
731916
797453
214706
124615
220617
756546
282817
401833
655322
483629
207645
540062
340018
603509
655089
668711
907281
875575
321115
955808
761542
 17249
888896
 16038
 18298
479657
927048
459794
 64881
329326
133077
796797
126779
347783
921412
863748
620681
720582
265582
276003
204211
989579
332417
 60582
593089
987506
245645
500370
379433
566761
972530
657327
100362
861427
673366
635013
857436
116766
 94807
922317
446092
227884
235467
 89223
 92019
673231
952972
712700
393813
218554
505055
114377
724485
837472
174959
317574
341331
420604
334296
720764
987365
306827
894444
 87728
168254
567810
239093
542042
200928
333900
980711
163372
561785
216178
252595
170156
405762
205567
399209
799575
940473
904264
913952
664959
258089
605263
498885
599420
542220
833182
836536
 45937
140009
730980
650017
824615
815142
889110
883009
532422
223011
863720
695794
301148
596251
948390
987656
  2013
670309
386865
317940
610783
807482
748245
275742
 65571
353508
290979
181343
412080
124161
 17879
458018
780522
265212
108035
605137
 80354
997146
488146
612777
736509
868219
824923
 37657
464470
773313
541665
466483
443623
928531
784423
570758
252365
 49020
362852
317936
402529
653831
 15631
814609
777993
549862
788979
 74867
815074
897015
680005
411781
410513
684503
 24558
147022
552722
849481
701031
533544
139147
242696
516379
 99122
687579
817155
186232
939944
866175
549084
774232
268704
202915
789863
599666
497260
339726
388645
572128
671152
802012
768485
 82933
212525
969340
107491
875899
 38415
473325
 93282
571959
128824
852331
 88339
744298
539910
905494
930530
996207
288021
479614
770439
 73078
198881
 76655
672744
212494
932733
577741
300974
603885
379754
 69459
686819
108631
555151
310662
500883
593566
300339
110517
165526
429163
479200
770217
689813
535463
192063
620343
531670
480084
616309
818461
553162
815191
411468
742258
544037
344201
320000
845011
948087
216106
430822
151258
841089
985973
461920
858324
579540
762260
485194
261418
707775
964394
 31635
397589
499857
740050
534284
 31527
220134
150594
366341
289649
482137
777809
 31907
 26174
122011
868259
387537
586450
600717
818359
254060
958159
804332
715980
816483
900224
994592
818029
161642
218720
782424
193277
132661
282281
933327
666945
830161
669814
333891
196502
475815
332380
974311
507722
358554
612674
892334
262443
715476
  9403
 80802
969536
967562
401487
685517
300398
301711
196461
118427
463354
931533
900851
172983
 64194
699485
622663
247492
529646
808829
 97735
726148
284644
430116
216811
308718
305022
829486
201052
567466
544962
726808
164620
514499
694370
566107
716368
511120
867819
429181
145900
847525
360715
563103
536860
941261
262588
159523
705105
792234
968352
802841
 34734
769348
232957
251546
 78067
 54331
 81032
795471
621797
625994
522279
786418
656845
733002
868877
889565
244122
253048
318747
906374
100573
195814
469478
637434
137075
732066
313309
842181
524301
798014
161374
 75387
567362
910683
326933
161781
965014
407965
957253
586812
550312
995884
889582
723509
728886
758459
613075
489361
 11508
931822
395735
628433
643988
865213
782219
781063
113632
 95529
139596
637933
409895
300970
229672
493609
211653
556606
655391
693020
964571
612644
796184
 31235
608528
685766
754745
853767
960577
884172
343128
488437
332346
255215
116871
976334
636781
899090
273749
750413
510971
413346
904698
437218
230668
134370
930828
958674
690976
586219
651694
171900
198863
447878
203135
323743
649996
474232
693862
610573
874756
553342
 99011
207102
808558
732234
183436
445339
147676
457186
712104
658648
386884
616802
 95866
617552
751172
 26694
 92578
958501
129265
744272
130401
328128
708502
849888
168224
358498
840473
862086
969072
715229
415429
584435
922332
740339
316669
622120
702030
464345
595658
414134
639345
498894
547288
251564
632799
298460
794610
725377
773313
923876
469650
903714
768356
178152
269955
936580
536651
110428
315019
 22075
342009
246800
122862
780693
503491
955883
402814
205521
936580
514824
136007
575926
 13719
683295
343842
646518
498107
138452
888247
271421
578680
357897
175135
347037
 52402
445090
799969
105405
 71870
631340
643832
413880
878140
766694
194573
381631
722577
113739
103504
659157
628564
239511
751435
158635
922806
611629
321505
420914
266434
209752
692335
845114
 84002
383822
708503
136404
345265
508473
758161
417135
656165
401993
347367
534306
168687
541941
432289
407616
172032
 52146
583125
800596
291657
850913
475583
730816
462542
313440
668082
728976
523193
360417
 90443
607195
260591
798946
259951
605856
307419
 18112
539344
479937
420105
886711
 14243
105144
945004
962884
512760
117037
 15030
612237
433985
823040
463150
425921
553856
925693
739361
221938
171021
262554
 98707
261464
386101
875650
 60411
162404
997859
884182
696868
537203
364119
116973
940266
894714
738469
401623
373951
767581
 35012
388981
379819
468997
728373
842969
894918
798581
768662
634280
536871
939684
413186
635578
201148
315640
 27581
777911
478044
 25440
662094
174913
 78995
 26213
808238
 19261
437280
546708
937236
811231
830641
972248
716564
210460
441246
444938
 53430
852516
243519
338444
  3148
780391
278128
932687
932321
995629
248327
959902
289892
242723
985342
951986
933988
580689
494552
742227
116303
931832
805287
 53539
743063
635928
 25788
975979
362741
983386
420917
416171
352254
664437
754615
871755
961180
549096
804442
893501
 61077
569121
369756
350969
811844
871450
819308
745833
452140
313860
  4412
568443
762044
326051
138334
 21459
478331
164122
997438
841072
663860
418356
257243
 16115
599145
528211
404222
 76677
 77307
208664
970178
138384
777785
856286
  5705
105981
727737
825013
851814
696229
138873
372578
264672
417269
698629
403006
438728
176961
 83481
436167
 18033
263693
370875
791629
279808
970020
319840
684030
 46697
397147
409046
533227
 51883
186831
389514
 57588
809165
633603
882602
660979
329832
537827
 33558
110856
955097
248539
 30214
910177
425500
113695
346344
959886
377389
717219
751515
173549
203591
 71355
373932
766640
984854
299330
816220
 36737
486162
205734
610677
295327
355689
  9631
472658
201873
 63811
 22568
312729
 18908
787460
342943
445437
729312
972991
791782
689198
350380
 25353
440713
 40281
745297
 28420
414213
511937
 13274
713544
328157
566363
716058
 50243
177041
527737
922284
703024
516747
124157
766835
 55668
436886
302095
843128
779830
747533
572440
752821
539315
777991
619553
 81020
735056
659834
826317
763477
590400
854607
293103
820296
699116
859467
 52706
749360
552860
 96795
187996
255884
129894
312154
539072
185562
749040
841167
545042
 45222
588700
633835
314395
644367
411826
933948
725388
146882
110135
 68057
426711
216887
439016
719815
553535
138133
 95634
122593
403845
164846
219388
591841
937082
349282
420347
476154
 51197
169388
317322
596239
730962
422374
230074
 45358
 66742
158252
495658
308482
305135
122145
892891
248198
339032
331908
484365
408919
986393
579999
531512
906590
261197
267252
 14783
714632
132887
435131
190786
184084
120871
 24460
296675
851833
446835
 43102
897191
 29929
201354
392850
854763
506489
 31347
747654
754688
886732
595914
239053
295651
 98659
335405
343516
  5249
112954
610768
536385
827586
743655
971516
534725
927739
 92387
 75537
740767
944220
 38724
783869
357764
 68653
985223
266966
439768
  8065
298313
187423
762753
185045
299689
518158
480697
398349
369915
340565
919950
999222
951333
456335
343160
694989
944203
877885
139080
552942
469775
396199
 13515
508499
180068
371279
 93505
165292
638245
533273
173357
936558
237048
452462
121604
536738
486972
118653
451439
373240
459218
371389
372462
926903
344077
231974
138244
804632
109860
793677
357575
579635
189876
371090
604486
369945
742369
697991
 51589
380614
747617
741298
833524
984665
710112
471480
521403
197084
106485
972842
 86676
565703
860584
975490
  8959
204661
207465
147203
  9293
833677
940880
883220
929664
130757
254310
534150
 17054
513031
748494
 68643
409997
496111
326293
243522
480776
 36405
231354
  2180
749841
337840
491374
836518
903543
351958
328360
428854
 72971
535825
576058
598617
369502
516938
481837
299166
164047
252500
349669
181101
765531
 98163
766096
691881
594274
 92389
451755
 75050
128794
683109
 77230
878636
 20949
568605
231506
440845
436915
559866
869699
509887
612044
445757
624856
981546
479048
623045
797065
643095
875545
146734
340549
157429
244897
106645
849310
839171
199035
301065
914221
844181
984174
507804
239169
521476
592761
987027
962321
 29676
546894
832020
 55915
158938
794130
197123
656836
273178
820169
453901
432625
695714
116987
773174
369495
361884
396172
218805
201055
111559
 36222
631629
955740
536749
139433
711262
 58225
248546
698289
 20546
794574
245183
368918
366842
920473
163048
563965
 93662
952578
384134
547563
385204
596201
180903
158378
965696
542787
554550
700854
260195
666109
737076
408176
138202
790177
 63961
849464
848402
312507
547753
385300
107081
309289
754219
473923
746114
433619
 37889
839776
386198
938375
903692
771402
534576
 84595
446132
500273
143734
517035
717479
920281
699496
454555
328457
837698
761085
392418
203514
609487
704925
267620
994788
328359
 93261
265359
318634
839375
698978
356523
195504
601528
811251
615548
372930
345827
216495
335415
362452
360229
852450
 79931
280511
551946
 50839
125320
905997
811924
517739
109511
421411
739016
893483
932551
 67375
986744
714262
386010
342472
929593
258885
537976
531121
 70136
153524
420404
932316
886371
755819
294768
246600
608269
374700
 43463
676567
941891
168784
582564
753815
202875
208428
691578
941891
101911
140482
  9267
 88656
854744
911629
431128
300689
170514
485456
831811
757003
155332
252215
689319
 41703
524386
500439
804655
132655
391491
848119
325574
333382
533255
908139
603549
736130
116567
295128
678021
734830
951962
203640
339838
806706
115269
287318
623748
802136
772774
455559
 75491
928106
224126
281162
486161
748512
781601
290817
397519
173093
138936
723093
 22827
188543
147584
626377
924673
780503
921505
602694
515334
873467
322687
855172
196525
437956
142491
336625
756444
431617
308536
831935
876076
532662
113097
362237
797526
411051
653054
195045
584144
308342
434491
606971
496885
582075
749700
937910
362579
187557
 56957
394265
577376
379644
765789
290254
333952
908280
626879
 90397
339898
935416
438684
732326
468078
 68134
 94563
781957
479185
263970
493354
579681
 88664
927845
186652
585550
 26273
452705
 39812
905204
640262
 96769
815821
217639
476413
581610
507893
810366
489891
134772
417115
346141
 70188
855799
 78467
 54619
440285
689382
352928
919470
953352
846282
499151
 42017
290480
202156
143919
833105
654861
183731
738309
295123
796853
554130
 29114
789618
652092
537007
599984
141983
188132
533451
  4476
774672
905603
599295
345643
345888
288678
698571
265359
758382
 61206
280862
800399
351686
483018
460670
701143
654231
160754
955804
465707
957607
509934
494821
747225
162026
 31829
863562
820362
736313
397013
341190
510985
302616
456838
856629
164857
261868
 71552
430216
 20250
132758
711078
337002
   796
710449
797672
218291
364680
474778
174095
830387
432385
200381
841561
695963
878760
389742
559525
699122
126055
472890
556664
153392
291859
 13502
526373
456716
275370
597926
403284
811973
247036
630714
148975
764185
341163
462999
982476
222196
937778
156572
568935
886515
356953
410496
582478
235713
316590
658355
451187
442645
131246
  7852
596038
423105
537706
122411
396173
329429
236689
799457
141402
483726
430171
806729
247911
287687
786080
230387
509883
723858
386959
595170
126726
260265
522019
709204
495978
838609
367560
947166
797607
 15158
471370
909997
438263
525428
548760
834436
854857
785450
150245
512611
785528
580416
319340
549791
868103
621773
780178
894338
345631
683490
489509
988709
460107
527880
697914
956085
366489
581826
419603
680448
596984
407325
590445
551599
932754
139206
902387
303963
441008
 52632
332927
226536
149400
168619
776327
 17504
790392
 72857
428194
136024
272699
434055
124733
732806
961935
338999
205244
844777
437177
141199
525225
 34161
548525
632023
102112
997631
771229
520851
817946
728589
573483
150873
955125
722884
319493
247804
256740
109885
837013
684934
762261
626065
118990
403347
875223
597277
742346
 80467
958406
695876
738019
483632
246389
286544
632007
348502
800527
403236
869353
618473
648177
959189
769347
603302
682073
605192
367458
455165
715077
720823
140099
477339
346888
775441
397038
222112
889071
139384
818931
847477
351612
556950
847461
598002
359846
479468
946504
676725
399056
332209
295199
 47233
291398
580898
166887
489823
186090
 50697
944988
417519
771521
601440
411210
634761
893233
808248
856873
298656
463985
192157
146134
815597
265459
509947
413599
141658
505768
876455
818383
904824
725017
629934
952058
 16415
727184
635297
 22591
429626
685995
483931
847146
973868
601723
258356
608629
 11309
582957
981855
309965
 46942
174012
972451
862539
955823
998751
792491
613833
504519
668946
432217
409343
393963
578503
877753
926731
305688
 29403
465674
251666
715398
949605
 98812
689266
 67681
873521
297895
 78990
456478
279750
905307
503420
970114
877759
882311
442290
392862
674802
 56123
897381
343749
  4692
823076
254064
583196
700830
180795
405236
730233
646469
656902
961983
112427
272067
167601
180108
661940
981848
775450
118418
777951
680757
138190
264417
 74868
 20501
706707
467730
695304
762831
881463
555405
767523
704540
809469
867071
405370
506617
272307
651955
669438
445562
130290
781865
233981
814243
478325
895921
796091
770127
 14339
574042
967237
668881
838460
 42105
689382
 61519
 26188
901038
824350
907651
972795
108226
128543
782265
975297
 50265
805234
763957
218572
474672
725871
348862
256538
959852
163105
251215
855773
475549
 21343
386464
565943
988580
 55345
404403
547037
261079
465923
 89577
678470
806625
513581
651265
914851
642124
433530
406501
692390
238764
170458
910962
229789
896329
776177
486327
372533
455634
253894
744658
931183
275237
647474
 13479
780169
219171
934234
843559
480250
400157
933136
158720
723135
963069
809986
154338
605194
759868
560839
813936
514985
731297
241250
744774
143978
 17427
747453
 32863
989414
  1347
777521
436949
792937
424995
450428
 89458
644166
384663
933017
640769
301172
382506
799489
 24307
345575
125827
694998
467121
885696
255837
281057
917033
503487
522308
661807
163817
 56087
925612
196681
 45501
443311
490554
998803
752600
915550
449231
842059
 76068
833894
291428
716837
651419
673934
 32679
192078
 19510
674858
887076
486631
 76906
142914
284041
993939
162753
322701
172098
326570
378788
 97710
523251
940642
541022
 13806
939445
293622
445708
905028
652033
521776
255275
943462
754966
906694
617396
787645
 98772
153258
978855
502201
156242
 55762
161467
440283
 49701
324220
762984
221800
650790
658124
835862
690394
598766
893236
220552
 54563
703211
666260
959592
355244
704388
214867
815058
459354
121561
432455
763351
736685
102065
742207
238886
258307
797969
916705
214942
364022
240925
977926
102174
408068
152403
938037
 98462
751169
347625
319014
322085
 50836
985274
281677
922433
206014
496544
737491
665369
134457
686298
945072
871142
788364
687279
626381
563023
  1600
 59438
777966
881975
300364
272244
984149
708432
940999
438538
323246
692169
302516
642260
530606
353352
143886
812283
792137
349900
308827
 45981
531621
959636
248631
476694
347130
553347
680325
489863
116371
198278
549302
410689
 80253
849666
199285
 64402
 74450
140285
 19293
397696
348806
321809
 39956
879412
191513
700194
691695
500003
 50094
516874
545984
581716
992862
794615
574762
339992
864315
255087
829856
497038
453365
379158
907727
533618
228824
623364
114373
819626
763649
133666
217322
628807
971827
773630
508219
163340
473824
716266
663343
523918
749492
209327
621986
742354
520295
196748
 82347
900962
968188
912203
398000
937905
807713
305727
471524
 36537
929091
102249
856163
209093
752267
589837
837900
724094
363467
862472
887434
837291
578738
 67130
877561
328231
792809
499548
586937
829456
212648
185636
730418
697188
 97839
128418
635094
421904
950497
622970
458441
879589
725219
830956
605034
993838
937145
442934
717932
300612
305406
121718
137903
400497
188848
531817
245080
498010
547717
832017
327466
760365
 17654
 57885
973906
631845
702655
609000
 53750
653153
231970
 28543
 49094
473541
375852
654128
467379
312997
613414
701663
129962
435173
823381
784217
835670
528582
316034
 80750
 26592
863751
429119
870410
140469
446773
928295
114375
594971
630951
239727
165073
284104
471697
193616
849550
945238
 85820
503678
928969
915170
117092
630632
 45132
 68617
454013
829349
904287
498947
145384
501389
 41891
525487
930509
912302
182308
893634
840597
296683
488605
987900
536410
170030
788356
524459
363647
637906
986049
965819
657936
915018
880989
291381
545650
442473
359998
516016
271823
264286
531315
933559
765675
573207
975398
212536
485509
157707
106171
842458
454390
111128
830359
507153
281159
618715
547964
161158
772974
534014
126977
430910
965384
524319
722291
511035
966792
 82290
543403
238615
862928
591070
688526
628603
164277
663925
841140
649786
821632
463663
492245
792374
574791
838956
815879
855950
974023
363844
533460
746997
897858
660438
694260
863242
701109
416551
890629
667901
 15193
950384
422869
878121
541455
111395
 23077
705732
291672
380569
871871
629656
844232
880468
422031
419023
235776
237910
791326
209799
118106
324786
473149
 15964
501576
167409
395559
202685
100312
286188
870587
631858
752925
809808
509979
294380
921203
 49408
516464
729228
429977
904687
358884
274209
785155
780915
209585
 20931
535178
517263
747083
653284
842049
220232
185601
859978
903993
581160
 62663
520657
383700
449602
152515
136625
259410
178847
947357
696966
228255
463822
426194
658233
368509
785078
448794
670017
 82346
174731
207300
133876
691994
954383
303512
 50396
690967
489113
910374
111312
586625
489389
631970
970326
455344
784485
623303
714754
963332
570661
928072
707940
550835
354266
366173
919344
655697
331319
105713
254395
506051
313014
904623
714397
783749
208135
764793
991069
213601
191519
102381
316578
680909
734351
803256
136253
 35189
426560
367359
998521
513573
295432
706461
 64408
166050
588986
500104
338099
436658
605818
592494
459061
435184
497117
173458
735285
221605
938252
726354
951558
646123
345088
268136
327032
595791
 71393
979637
630980
 14305
863349
145854
527878
675133
368667
592286
841183
474006
 92390
695635
910664
214560
288129
369725
649744
301599
543183
385030
 39556
997787
627736
991114
643911
489176
259250
487295
 84968
846995
983285
715948
861300
846634
861802
389178
521767
746822
497816
879302
220828
590207
574937
131492
321119
379419
501217
970864
197370
560752
872246
236926
 74892
 16334
228040
718803
505511
  3642
206098
590479
850638
189383
306427
711938
552369
684582
617469
590488
431404
115285
986143
652232
221844
 77432
300076
542964
973203
317645
 30180
170573
878397
902426
407499
953289
918760
151891
188444
424271
671886
910895
531102
522524
616630
837530
750814
169000
 38464
368283
275840
986220
999921
261983
638452
221765
855768
454880
764729
828971
772525
311261
515897
167274
213687
439748
636916
648800
591640
825360
 73071
263526
252607
604174
302402
869238
958056
 53216
554590
512872
421500
346782
499092
937773
608766
653896
159538
980886
108776
440620
809857
881301
751881
325754
 48575
481921
765503
685491
130721
873495
 27204
720144
653373
279811
840670
955775
149049
798726
525343
219991
827950
463195
566774
327042
400968
691892
980938
560507
672778
 89714
517479
998987
971015
269360
841094
535943
751281
122949
737786
882002
512796
764990
602147
166169
 44802
442817
638296
710203
757896
163639
930195
585846
626835
 13321
429241
 27803
705213
410179
104662
894343
 16246
622141
409682
503613
407854
250776
 39556
159135
890077
777343
557490
402873
542333
675989
 85394
103487
635158
240042
330043
909406
920034
776590
 11605
546869
789911
440846
 91024
 11476
851025
712039
905819
867271
850532
831853
370885
258386
598982
926793
933874
489059
704136
491364
408285
762822
683705
 10031
382661
835215
250074
712704
744622
170108
489294
756227
233329
795557
197073
840705
807033
564450
552744
229204
431722
403277
 61058
318959
178015
660040
245752
111889
149099
466241
119605
 73736
745415
319662
 83768
128076
154878
333842
840781
899500
 20302
846427
655727
253631
641985
369152
610688
449018
933602
163433
678223
881676
 83062
255633
200635
261077
915673
962740
889319
581124
945333
  8924
171213
690748
328587
254981
335176
999817
588823
175957
899317
125477
538737
 71396
379108
180722
440548
989796
629740
374150
669581
824315
255827
268995
596300
972814
 46425
511973
451906
935744
609450
397239
461020
780663
604339
305959
 35644
939516
305776
140819
115473
721445
266296
170562
792841
161756
351284
233389
667904
497377
123892
337486
838044
379719
122833
434345
868885
169258
946318
320792
621354
 72120
718031
 82375
852783
322371
904686
404779
261887
726815
 61950
893712
448260
844598
 64275
757454
  6354
931911
990843
190611
429288
114735
 44449
267333
 10806
167282
701678
879692
336541
164348
200484
474247
236469
434867
 72974
605604
757238
977661
 10384
535477
220828
 72334
945542
185440
433285
  9817
942894
955991
941728
450090
146602
887369
 81177
191051
154702
 91984
358334
856380
488028
211227
 20728
204864
685474
773549
639731
274801
379154
913322
768814
905890
965151
989642
494576
910693
175082
927861
436862
117977
883853
378591
568067
 30455
265960
649244
221507
937014
257580
 96193
793394
261960
823772
330474
466824
 25598
104024
622908
300399
999530
 52582
 69213
905420
 17733
575207
399996
444779
750290
327858
881641
384619
728063
260232
469038
758518
 42544
634634
496377
495910
892215
108922
289304
670527
932694
136131
137352
474645
756507
276612
775044
272389
845546
360610
177809
863279
935817
577805
308058
202459
422015
706052
587078
150078
482636
 56116
424949
525181
690751
921326
 21091
 99318
546601
826748
769845
995647
479231
423549
470292
752090
700161
761689
 24479
545707
638651
202288
925339
574468
296445
749749
776928
234813
455801
880358
384891
938438
936475
326192
979971
143578
763871
517414
242896
310472
860514
 12741
306119
856097
436291
292764
608187
652804
570805
632666
714864
209456
351306
640203
300276
647752
906304
 77204
882565
878458
473915
783808
816896
410390
110001
313219
553968
390224
346985
313216
700696
207500
325957
523167
 63597
278600
332283
188137
931405
903088
820803
646269
112544
172110
802824
412821
336214
709128
  6377
735131
587586
996644
 35291
920834
407034
145292
750405
477354
 51868
 97391
790570
752564
821243
116528
792084
401192
911480
124367
589329
842885
 27456
926485
489154
656352
614947
291978
585525
951161
517459
108255
202644
621397
104899
237935
542232
 28286
899580
808989
505640
951448
906380
812563
220365
243975
445443
 12449
161520
356923
136816
267201
199809
680624
193686
205315
336977
324985
497294
438854
276146
531105
547109
995142
152502
652009
233078
694734
196647
132658
 20076
702287
600458
442808
514850
820823
686784
476645
833272
848304
833569
486441
115505
 33378
167065
825544
238693
 20394
150529
252339
459249
943028
783444
522710
938170
452299
691071
687600
663385
887718
820258
683461
106358
937069
126270
137560
757892
813054
614206
591165
177710
447775
593958
809567
481153
277375
151463
236198
297770
301993
  4890
273371
761373
304686
312433
215895
756985
  3505
903496
420371
407575
240106
103832
513933
177175
230102
651494
935068
559508
265700
 42585
253570
713475
636543
579490
710980
913918
730953
463530
728040
549298
468420
517763
827023
773107
830197
 42919
 46444
350054
946415
466815
757629
186521
 87000
271563
880049
833454
923057
815117
909315
705109
857702
162885
418584
 10597
258727
645916
440867
989681
109446
685260
 55331
 94219
203023
882355
383678
 33220
925274
430122
899626
388041
896938
657256
 90914
500290
928819
970963
333744
368228
302432
243059
 73337
160134
922297
  8273
687083
181024
170541
644303
687057
279987
329563
258741
374206
532586
141096
757884
 82159
582722
704359
981785
487115
117649
639041
578029
617939
 84212
 65345
468035
968792
367777
227447
558481
 44264
149744
566754
731347
847120
737295
375650
 50530
533635
221565
309271
424193
754152
966719
698430
352663
549441
402789
334448
552908
520438
489842
130937
654729
 90406
196282
122764
 59199
564060
350211
617680
124676
 16307
184435
856023
379780
438082
748026
430310
488069
969591
255933
912263
240095
222652
610693
592758
288445
 13482
443559
841353
 50272
449753
488642
705001
540159
684925
344117
599358
765337
694329
217039
890013
226988
917826
262388
606768
872260
526766
553430
360330
 12710
809363
272593
252805
 32015
399638
361916
836812
929472
321827
678165
496096
771580
166808
201097
828091
368085
 61566
427450
133422
755895
160841
539787
499236
595019
318527
106004
983631
845294
659435
343961
858004
985150
132906
627161
 17166
 48896
505429
853978
494720
343608
 48496
990816
631540
215304
708265
459632
583389
769832
403434
233163
525727
 80627
289302
541315
191998
607829
647320
175629
969475
823107
 35943
343831
808257
685201
970993
341775
734098
992774
712106
228818
336383
760602
219635
967923
492258
927900
943907
591999
697732
347341
341514
739812
427968
630816
281127
619966
754997
444799
311948
724473
784258
347891
584656
108868
 33092
 72001
450643
283542
 64776
679101
512361
401159
956055
248348
885434
448313
692600
829342
556664
906685
176683
898178
162849
121004
528994
960328
257322
800344
405128
569270
 41169
705738
433513
625825
814606
466606
697827
781602
750148
278955
460703
778861
680114
416759
543561
 81900
381424
752514
911242
938089
659199
604278
352619
822048
241634
881614
298728
498956
198310
220208
584579
239479
925947
 18092
381656
740553
484698
595835
522155
751199
874790
499211
 46412
 71256
432322
106326
153157
330098
858840
580751
268187
 34391
185029
620807
372791
426663
 18773
671519
441972
733435
891728
 26551
489266
817675
 44643
870922
 74580
 45694
983110
113088
313245
857900
128651
876009
929157
560973
982335
 82314
891071
357527
179417
675611
391918
364447
812770
764709
307462
347895
952581
265786
 81330
844309
292337
 86948
178336
853333
957870
769268
415379
940980
398708
244976
315233
527359
637337
244390
604684
136025
843056
 12108
493552
 22473
204071
401823
903272
533193
682884
210735
881088
635465
992873
478770
996126
285211
565718
690814
654896
 39940
460083
586627
497273
375143
347955
812506
902503
985292
573248
 23539
121317
932656
 35647
131222
955129
239718
533045
858402
772911
215929
585489
170351
367747
578362
165473
880225
379925
731191
571040
551173
287484
547475
654152
301109
922618
  2107
629967
341473
987400
203215
365013
625069
135871
917012
756291
607352
673083
289336
982106
962346
 21618
 83947
132698
905717
178662
298171
785942
558587
545715
356982
626113
349551
420809
280265
650660
859780
798725
796979
201253
302477
516546
 82618
927546
168769
999631
683838
776121
672714
489526
274580
151412
 27496
358527
284110
933213
537189
 98634
719156
612129
160701
592490
238242
 26604
529652
 34859
193616
389432
833584
990595
590685
652413
507141
673304
579960
675910
189287
263798
968383
378353
269676
242963
529765
297173
117843
813876
230386
171384
428862
465894
783513
105915
574737
538107
132519
104389
 89319
326135
493821
439255
316730
600858
 91669
340223
274162
671629
532485
979801
451779
500868
358154
721455
260184
887920
534980
894379
218148
765367
 65763
163362
747613
849277
269277
322350
903736
401796
426739
993055
244283
436912
432311
 77365
 37771
 40332
417588
828285
711961
466425
808087
680092
483645
682593
917899
260181
570513
452880
154560
305013
734599
220324
984727
482212
585953
254004
804563
489689
172152
231302
999097
932787
668215
947760
 10152
222338
988092
944092
 50623
216405
410517
858710
896497
894163
541304
330748
154344
628169
783628
308905
449535
518227
 45581
434262
   440
147886
204619
321355
637575
893123
552657
153024
825911
737224
100784
836063
959562
605228
780156
526538
337985
707025
901600
750834
601188
959256
 81583
271885
587426
865211
 97142
553313
899791
659075
503927
900231
806961
224898
221586
960888
118022
290595
113913
460285
544172
731049
812700
 20086
852630
109208
546624
190615
816234
448225
941450
933774
923833
 23033
205659
 27611
404596
819153
580924
304387
478228
601204
720970
285189
826102
942556
762430
460476
749504
876343
437113
810028
123744
249814
346466
976374
359022
409443
166990
691608
374020
108440
625383
297853
647825
347394
325465
 52421
682900
906389
356809
677480
 23945
 77779
479022
366400
536688
241452
343228
802544
634147
780342
612572
757891
546508
959038
250618
421882
884833
417608
113491
258853
 42400
255226
556707
690225
118972
882172
742646
318224
304913
 99455
995705
845211
693587
474727
211611
230275
232531
554839
 32819
866678
851533
161743
140921
914393
637133
391539
336276
521967
325499
966119
297172
367899
737697
853879
574476
373021
252403
317123
207598
557317
932930
203303
402528
626517
194382
130491
373144
426913
201682
922315
809943
569568
600410
950864
483961
237544
342404
336589
275863
667903
819060
573035
552155
556757
426915
126631
446131
679318
960106
653729
752987
893037
373384
671867
 35906
567766
802358
925403
994679
  4041
847718
320974
573609
448129
271838
573922
202025
130594
910512
477888
314850
729572
567275
867005
802682
510542
509988
765165
706213
470095
418894
975552
879484
792278
647420
431742
876396
449778
357145
387427
970171
721216
708401
 60132
685697
980239
150407
887722
110834
 60919
881962
942036
306843
965589
809041
625877
476132
835381
391042
698697
821828
326288
674249
217664
634918
321669
649407
511314
287800
522904
898741
774323
760472
607142
834456
446169
103734
984863
850243
730920
562134
732205
672956
385329
697795
998349
527559
690279
833730
918601
388976
171911
244890
 63225
389575
396160
384895
555334
907475
189047
594591
806216
963370
355063
929711
314178
801233
 33445
815393
651476
764365
377527
900034
437321
279209
114181
435670
806768
804460
785752
241721
709788
957663
  2963
773013
863591
399124
674260
418925
306599
863307
 13516
629167
343030
368580
558878
657208
686165
592323
472602
337641
356688
366481
237675
310361
645690
351856
262383
968810
672668
 48136
210532
382456
522151
213495
671822
385742
128971
862434
321020
435570
242094
334536
 64738
585124
219468
623616
242332
905633
732292
714934
759627
605332
 81416
513654
915694
243458
381863
178077
212269
 54531
742565
939153
953340
264717
669000
141514
650459
797972
  3948
971479
749894
246042
822368
330984
831166
 41836
470953
589851
463822
203245
821137
223449
808577
902553
737103
724271
662364
118966
418701
390985
689850
161266
330138
159542
425983
999138
301056
592795
313462
305004
564274
 63357
 67399
902994
394341
414917
461183
865294
  4768
925005
584891
342258
148454
393469
244811
401909
634092
423527
 37228
 52793
814512
243430
214060
144650
402972
156395
660141
704028
749190
973603
525384
829817
553312
109135
732811
464006
524053
193994
845652
 45173
635351
430544
387431
300157
340365
148595
702067
490809
572122
255647
543603
902987
499077
274015
 47637
418401
430410
224130
122429
179601
714086
164165
525770
267398
273301
774933
247756
313706
968928
609761
875231
604279
 40305
262663
420789
897022
927610
122856
387831
 16084
894855
447786
919071
393932
721801
483061
812333
668564
707191
451114
364517
421277
131631
890287
205028
404932
665220
969136
234990
150500
578897
110222
271132
135554
889237
691921
 32576
816847
814777
936760
832931
225984
384546
752003
136268
106348
235064
948601
291264
458607
916067
655781
396237
 47698
546068
117617
968983
211288
 86753
720325
878141
665651
830547
149273
317557
719784
841194
866486
536631
172323
803246
369563
398307
187792
637918
534575
810492
389334
999528
618108
847941
915595
273889
244178
479645
819957
361795
964980
547598
448549
685306
425739
630552
515853
 91364
464461
751990
932558
330947
288621
104881
134193
174536
 19540
838338
328806
 70467
165182
718140
 69995
783291
566082
501942
 57180
810260
497939
393490
688408
462920
457440
653309
664578
399531
800213
180431
490895
264674
448773
423453
595622
253747
 44686
246167
944635
580578
600857
273442
651045
282392
507934
721040
 65683
 74016
739334
639215
400629
237273
549057
 89037
216545
  6497
258698
881123
406028
 58911
577907
896923
323585
 26680
836728
435559
796779
397766
681727
741415
978344
798936
 14857
629389
 81328
 39143
866781
663363
113160
122467
818931
 30141
876093
367988
635530
 92638
890838
894228
490114
813218
953139
 68021
226494
793076
611053
579574
228636
407833
977341
426715
149248
472037
742003
680457
617779
823332
719600
484560
  3047
349112
123380
821978
895605
999473
706319
531135
 92111
597157
941715
 98577
926727
411206
166598
153221
204283
294004
732796
949271
701837
710137
892338
367437
698526
634341
564246
316305
974025
800198
800866
977073
665663
440598
799051
561268
440071
505370
608756
 48534
618879
550471
147112
545607
478030
830062
215180
198665
124066
947976
664288
342255
174465
556626
226044
872992
707319
790290
189297
197697
106841
506515
174770
772504
947113
490173
850124
903536
511896
458880
952071
130775
525704
615535
192734
  3734
445597
407915
718751
569664
872243
383039
428271
 46709
456017
654316
436053
679688
960958
141702
877385
 67799
648218
 52155
356655
111683
542329
206780
 15220
 54225
665660
483643
701352
707716
 99178
894087
227802
 61127
818354
946553
630791
690597
845944
575415
737306
301961
229731
689711
981650
707041
831414
859035
774841
479632
427543
131496
107667
969872
854628
639239
540449
520289
122882
241801
744357
738412
652240
972160
799540
470594
435065
946683
161192
281010
522098
414850
 99323
268181
620914
 80973
975223
452328
456361
750064
448312
883904
397912
555979
370128
252541
195219
910577
289182
834453
668730
549891
 89218
320971
522051
888758
307917
473469
351793
985461
754479
873892
400312
853802
658425
 21226
451128
633648
989906
907489
900064
438218
307745
814329
510549
677873
583222
222120
104802
872404
572926
773532
422295
662144
610855
460699
 67254
435125
934168
419047
420586
204999
809291
337250
 58801
467717
874828
509929
617717
864734
933770
517782
819304
241515
848463
329854
919388
431685
551974
540542
820441
124900
830427
759088
303396
441282
219787
370650
876407
670307
789698
813346
875306
598989
150596
934108
 66706
 25425
960389
684424
406511
894160
718558
225816
652027
 83373
 72022
 87768
515058
623996
628310
335499
265249
458737
610939
568645
416372
830727
939296
809131
 17386
245346
622477
892693
844335
289426
343153
427394
314851
303542
628170
237714
714054
863080
979882
366082
946453
 51904
970202
461511
192253
598512
313362
973854
 57250
924301
542499
473622
271380
998147
799105
288767
243493
421583
697812
604181
711009
 40965
547927
542212
860859
176097
296278
574914
 39177
276161
457348
501982
328065
427550
963493
520318
542414
793207
494172
116016
233860
553024
105990
 21593
 67523
905096
310360
827369
326679
  8172
947902
554040
565489
495829
 96252
426348
671926
392530
517614
227455
185043
491314
729437
513109
435216
209282
549779
977631
518841
560304
 93647
752701
629680
199638
774294
213555
104734
601006
 40924
947765
125530
988826
501805
207371
  1007
114409
633720
672933
 23291
667686
416740
208335
159001
146177
237796
594217
355459
787575
571848
390652
864231
181848
143354
493911
897838
434000
223819
  2572
551359
264743
950337
193241
769922
968494
400613
287281
 82903
550685
960215
106194
218371
893307
830881
377372
 39485
 68677
487942
911296
372605
576142
301949
236836
757990
961655
247100
655828
912007
470919
174752
979718
252014
641441
172960
538288
609935
 89925
825570
209190
156962
302137
831737
375333
195444
662618
269058
751281
247648
757000
178930
620253
849494
997231
373441
607485
958886
136893
779665
387245
124164
470770
366964
376179
112211
539924
430819
238499
146201
256389
447689
303163
 74878
279426
194848
786675
458397
463906
537956
706045
737258
233238
842650
586753
230469
216091
710590
705707
869337
  6607
 92953
993501
477377
976269
886032
589589
 32545
316852
828088
178746
 89593
792129
998261
680824
587908
193109
467499
 46305
173368
  5455
752350
910626
755046
111352
 13731
985515
327443
724321
207575
196780
247281
300528
706634
724658
793149
592666
830599
825694
425870
658687
  4440
515464
967169
519053
196288
555077
712162
663787
601382
885530
185594
870084
312509
940640
981436
326240
442508
825231
566914
650083
538364
814195
466963
244998
 55205
260112
837664
885805
 85806
263535
 60844
606598
295351
 28013
125651
  7991
583090
354165
188130
700824
239696
890076
570908
552205
830717
 68696
394797
789577
410280
961711
439660
948644
292258
422975
709994
347464
683087
 64010
233269
285245
843897
294113
408195
139248
322127
533846
663591
421569
888011
851721
122394
644059
741798
209654
196264
 88867
794703
591062
878444
204983
 69125
834456
669979
361384
257431
896325
708848
456870
960335
458469
742115
804233
752582
150310
459833
591061
200508
639777
 12631
604871
491498
651377
248931
749648
861031
961547
838515
172086
552609
233311
377069
138087
 67767
563400
499471
841550
459725
724671
298420
936413
183140
556887
256998
452074
223549
233183
 43136
940409
872960
572119
545281
364459
223496
794212
114107
600879
755759
468975
289318
824721
702286
182739
962808
286406
746140
978631
644308
722217
219654
459081
658630
919146
 15968
431980
371220
755870
665164
930708
696279
538124
 19179
241560
902583
759027
552124
533043
359907
307884
518370
649225
648957
737008
831964
128117
539766
 94456
623100
184075
333026
842754
643156
991656
761900
175476
423637
649472
931346
605153
 96533
627626
143277
115712
385538
562213
874740
937663
611608
750999
761899
129978
400224
410856
383338
748540
538973
923105
359349
162073
623532
692375
521179
266688
200383
799431
958516
140372
448903
889863
745525
545436
 33841
888803
177501
419379
967368
 52241
873394
578976
803240
635293
225306
719816
 46149
608644
984708
101474
 48101
344057
779899
671633
552784
817430
454673
753168
616861
413190
409892
582117
819405
155418
643905
369598
560573
821406
788977
527941
873647
662372
106917
676887
814017
848575
913055
860167
457219
897764
477993
 21673
241821
257893
693306
310958
591675
664332
 64126
208537
593874
990370
790654
413279
145788
950911
782877
222713
772318
 88206
267006
162317
266930
890275
355557
 80948
738850
268612
457467
712422
166376
935460
734095
924550
709705
427401
235508
301381
608085
815986
 26270
201959
806356
333276
131590
468497
284187
430819
691210
572857
519026
958217
735175
302308
848492
 90732
383256
587343
359344
357075
299765
525721
808888
550212
966623
 34945
493965
202131
336326
102051
 18117
878948
820362
340825
212224
951953
809322
496412
382772
500533
 69269
418150
975102
320796
720459
339946
411528
620067
443641
287225
493495
743406
812946
302383
293618
295921
337328
303936
498052
190007
405987
 32521
 68955
226349
373346
281180
178302
182669
293944
 77427
199554
879565
 11929
174656
200362
248740
 30954
611890
385160
474596
415467
878655
218002
744765
697390
 27973
 40686
 34718
331909
538738
741077
254248
 87611
810033
480597
460958
607565
175252
159979
901509
769031
359533
297426
780960
 50541
497788
 29701
 81495
626031
414861
556091
 41498
293516
290446
786264
990906
834771
826950
541976
683032
882041
283054
453632
969652
609439
450581
946962
217004
625833
106941
634865
394864
982826
932291
692177
549719
430080
721878
147567
572463
653091
220010
613961
462959
 26808
400225
970217
377931
743528
512193
 60963
625569
311599
 30947
111573
437390
481529
 58536
654394
107362
681829
805611
 18579
181008
737903
227108
730727
684335
465338
394646
256798
118429
614657
387111
581388
641465
303689
551605
 19397
 47217
580150
596712
189138
408102
627660
817063
845492
109189
391951
 16239
732903
 73781
821850
267834
254789
 76105
494942
501868
760440
960280
896515
533590
595061
511172
920702
176449
668989
224391
244406
204738
787960
340909
801451
977098
749011
945463
794161
110855
571004
186113
127094
303907
776246
465297
 88094
547387
541402
583036
 49255
301843
 59669
462122
835433
654730
489646
272487
347532
158636
496878
591938
363374
284838
449199
681177
778288
714562
626640
 88802
825418
197644
791267
468864
 17904
567513
450513
105998
631252
991916
205386
680507
810111
781407
658982
161896
952490
148628
434384
300022
823616
447614
408312
703343
248805
857512
384520
 27093
 88426
527513
632247
430196
241509
423514
899061
775765
507379
865926
398115
138631
857842
119854
335491
184305
901261
510825
862554
853751
659453
813290
670125
999422
260904
 78438
702765
509709
452302
603637
 53155
540728
647502
685402
970925
405364
625269
386338
181129
132648
252264
 95597
787632
626459
215451
639475
327116
116712
150300
189670
486816
809753
  2960
156941
809175
780217
751731
 28292
806278
720385
631930
859433
261114
279432
 61188
748391
684796
686457
651081
382278
335457
419697
477875
639441
562508
693326
278916
889625
326390
429216
595647
329558
755322
598608
  2852
 80849
895177
270935
109142
701455
991321
257424
 77241
768787
 53208
138429
517178
254357
341238
168259
636635
193047
104308
630862
832489
666817
840540
627757
556442
166930
 56974
152089
 12841
328648
267049
 15693
925849
162226
286628
551343
380034
794301
808767
457275
563088
378328
112056
 80266
632685
969646
764877
785672
162693
869186
416534
995182
536003
257074
622940
608797
940356
196266
277238
953197
 41266
544288
485242
967115
222866
288223
518459
602900
 82524
843578
576527
645613
221906
688583
242231
854591
658229
523461
640263
337275
908999
573149
848809
961354
830223
988101
570151
770580
184367
847389
240129
741985
908029
241724
709101
647248
529947
743912
250148
128823
587490
343028
290788
325749
547963
533020
696692
722545
572833
853308
 59820
481832
426457
908629
443186
256681
896731
 13337
543613
597450
377078
300094
339436
801460
 58170
564889
448708
104469
308801
215208
233293
412643
558236
524081
254744
106200
573453
951437
345097
146286
804745
404917
628118
231202
829898
587656
  4235
726629
600993
 64200
840432
494424
880647
179868
295884
938817
261109
744592
 43287
 86262
476152
792932
498905
 34389
317013
753650
656941
406819
221439
  2038
 69457
 26184
923307
213928
773738
753205
801584
777974
996187
402578
358526
836619
413354
239173
532839
709238
694343
793948
970182
737630
880210
962686
530562
895467
997075
363927
165469
170368
287098
386908
688758
356556
413092
128417
570484
186831
881623
372068
481157
394162
290998
356035
230781
220704
111561
279972
446294
805904
 73920
932828
 59886
470482
895515
106800
365949
408942
987079
 47771
579311
274178
434679
784421
147086
847772
429191
233922
550955
827166
122342
548464
221328
929693
904499
968461
150397
532412
248433
113044
338316
838705
 45872
914554
309187
941387
537706
191488
350330
524786
239259
445993
315316
673939
746766
978754
 38063
175957
212676
105370
  3123
851370
170186
224451
781063
 74685
709264
447813
123450
957697
560857
461766
796402
606729
892673
621941
 64469
430379
813430
931151
471517
569041
377144
303185
759332
123910
798291
313747
816220
 10967
419117
335695
378690
105655
560147
676105
180341
269411
123918
303791
743461
201127
281909
539863
324209
690934
678157
388678
637666
491587
836181
625535
576980
213325
928721
852665
853587
727012
166412
186159
254332
101882
521855
149374
207537
598354
825479
904230
384117
465750
724373
127578
183229
522635
183794
507438
213569
861951
412468
367587
869890
248649
993123
446870
978326
438196
299535
831914
681560
982300
534425
452244
 84182
 56280
601618
808071
654634
943450
228654
 38752
409200
953027
166330
592429
475662
350124
616220
205584
212075
 28688
573171
 81965
793690
 82646
 45188
772016
520842
861075
120282
718755
843375
654708
170999
443909
710988
288970
768333
365623
232420
996987
920727
157972
950014
 87057
750401
942029
953534
882973
663965
681961
428014
237136
280279
221704
836135
325467
510072
873329
702894
630355
592084
 62622
801415
279436
 22883
512403
568406
791216
394378
800826
788203
315105
475150
254570
918515
741903
712951
388401
624877
376916
 70362
 52891
130404
350641
274595
966539
192460
301019
839869
895355
931374
948305
474329
732789
227741
497212
761545
796147
288429
672275
113325
592984
503733
588475
847554
422248
330379
 76857
810649
955256
453773
397363
524499
584178
748005
799094
 67069
456817
100113
423290
352172
547840
371596
342853
796981
599337
840066
 74878
911837
128495
747154
 25162
237831
250887
129990
601738
189487
460369
678595
516488
931977
132369
913851
456476
232899
178208
771922
299968
635026
388387
239611
503550
452579
611207
846404
249561
726896
686470
324439
155085
331317
587945
696600
569148
838832
826590
170886
544671
803311
849482
 61159
251640
498203
491363
708116
247454
669571
996390
 63774
820949
901129
303385
840852
353709
430944
203608
119622
674193
890078
444061
829278
737747
 32007
 42230
823247
387191
868820
994134
931863
188483
359968
509374
440123
374523
   737
664591
621977
186661
177333
685751
523962
 78463
989137
364814
432172
936433
568422
551794
610626
974852
512207
956257
228951
 60566
998487
 52199
964110
383660
562685
412325
572143
922653
921699
528619
813528
438789
709562
435505
141802
886896
121256
665764
965359
626745
546931
913883
563179
631705
982029
690157
122910
 10588
646414
351861
 71155
644902
920412
551617
 28562
483097
963942
117057
922102
401993
645676
735630
840782
871591
171135
498936
758487
808744
681053
240198
951841
744336
670433
515020
376041
168814
205178
498951
179402
367944
367165
766909
 12846
287577
318526
557760
287027
798820
674818
209129
200814
836846
944760
 41596
708437
632247
 56885
983276
440991
737938
739826
392833
482274
410259
424205
858315
579073
145735
873619
274828
513680
757136
 41737
 42878
561065
876616
600639
848092
675436
791809
 57222
876250
145007
518334
434199
369797
150581
491084
353073
107925
229022
 92900
500758
711296
503159
441315
 85963
598585
587051
475934
873413
617083
749422
431502
659961
310488
824470
776952
674932
499907
 85113
732154
892509
230121
766840
326708
599918
917422
817792
469343
 25347
563166
562243
 42457
790814
581755
483772
393130
696692
587175
869064
 86457
204258
134839
 34311
380572
445327
858782
673876
120259
358689
275342
368766
251198
 21815
135606
 94259
138085
569380
428403
607428
111079
507922
686024
669888
298736
784131
153661
691866
480823
257188
 77283
 83632
977799
728474
117943
874723
173801
976725
 64951
810412
851766
340293
695530
619317
362108
347489
713576
500193
916869
658331
623974
544301
166253
309998
214189
464990
610481
884202
673208
 91304
141391
266843
691288
635542
995317
809231
510265
685470
785957
575216
 12235
637723
431862
224117
257040
793970
571606
486968
810516
  4828
145300
434490
549129
311553
260840
279670
292895
871321
163873
482456
478977
821616
749299
170265
457158
260969
979496
483775
462791
281805
 58991
991378
919529
490853
215496
692921
801176
787102
179890
128044
308282
325190
562534
857411
153095
339726
137082
445991
727399
817307
928447
206376
638923
194098
892993
612433
971419
388841
 96208
434211
670647
671551
425589
106528
162405
641085
799449
479933
944540
495691
607977
252822
337233
686863
626586
490329
542941
280020
452672
270340
 97327
897471
993068
252602
 91569
886061
865035
 62989
791254
961243
497200
461901
